4068635: 3 3 43 703 22 632
5560244397: 722 77 4 7 37 4 1 3 97
109005084: 519 6 43 1 35
173488656: 61 57 7 81 3 11 8
13887984962: 6 61 4 1 677 7 98 49 6 2
5448: 44 2 31 789 6
47355640: 20 1 76 62 50 30 1 5 4
29455065878420: 91 952 54 67 34 419
641790996325: 161 18 35 473 84 3 2 5
425625017: 8 6 454 3 611 1 55 43 6
639710141: 9 1 7 2 710 138
708953: 20 29 128 901 51
1544031762: 654 33 5 917 78
1438664959: 911 84 47 34 4 5 8
353595: 3 357 981 426 9
687057312: 6 870 566 10 702
1051: 36 70 9 7 8 75
6757654: 383 980 9 767 2
128227: 30 4 105 9 5 420 2 1 7 1
31037: 59 48 290 2 5
82304: 32 1 78 76 32
135447236: 64 224 8 469 36
61632: 8 61 109 5 3 7 592 5 9
10233: 9 2 96 92 389
3583669: 8 6 8 1 3 5 6 6 353 2 8 5
17778594: 6 20 50 8 6 436 324 8 3
483295815: 1 93 5 999 5 1 3 489 5 9
629898734: 66 30 449 64 95
2024014: 69 1 61 48 766
213411: 7 7 92 6 7 622 9 2 8 2 2 1
27284400: 1 222 943 15 195 8
10329265596: 39 8 27 396 6 3 178 78
335727701100: 78 96 74 6 23 748 5 9 3
28074123: 4 456 21 9 7 1
545375: 96 9 53 98 5
48760: 8 1 27 8 2 1
23836829900: 993 24 2 46 29 897
872: 393 2 83
90535068: 57 15 59 74 4 8 9 6 1 6 6
57081492: 8 9 7 7 6 80 46 78 1 69
1596210: 8 62 75 65 4 5 637 55 6
16776: 684 3 45 2 4
221492102566: 3 389 32 6 50 459 4 41
7271: 6 283 46 32 624 285
1259640: 2 7 3 5 34 7 3 7 2 6 2 6
681972047: 93 199 9 36 7 813 1 3
437926526960: 481 856 62 235 73
2596513920: 30 552 6 44 965 1 104
5281086: 68 5 8 9 3 46 8 51 9 7 6 6
1931750: 2 535 762 63 18